0 16.982377
1 15.666667
2 15.313214
3 14.948963
4 14.600624
5 14.243902
6 13.925373
7 13.598540
8 13.265335
9 12.966480
10 12.661202
11 12.351135
12 12.054830
13 11.771392
14 11.500000
15 11.224939
16 10.961722
17 10.695906
18 10.441648
19 10.185682
20 9.940919
21 9.706638
22 9.471204
23 9.235415
24 9.010010
25 8.794319
26 8.578544
27 8.372071
28 8.165903
29 7.960573
30 7.764242
31 7.576329
32 7.389262
33 7.203445
34 7.025682
35 6.849294
36 6.674597
37 6.507508
38 6.342144
39 6.183908
40 6.022472
41 5.872852
42 5.720430
43 5.574622
44 5.430868
45 5.289308
46 5.150062
47 5.016847
48 4.882353
49 4.753740
50 4.627462
51 4.506608
52 4.385030
53 4.265929
54 4.151984
55 4.037783
56 3.928536
57 3.819277
58 3.714757
59 3.610420
60 3.510600
61 3.411116
62 3.314064
63 3.221190
64 3.127115
65 3.037142
66 2.949447
67 2.862495
68 2.777862
69 2.695492
70 2.614022
71 2.534818
72 2.457815
73 2.381806
74 2.307972
75 2.235199
76 2.164557
77 2.095017
78 2.027551
79 1.961208
80 1.896032
81 1.832861
82 1.770851
83 1.710027
84 1.650411
85 1.592689
86 1.535497
87 1.480159
88 1.425418
89 1.372479
90 1.320724
91 1.269632
92 1.219756
93 1.171553
94 1.123593
95 1.077275
96 1.031694
97 0.987281
98 0.943635
99 0.901141
100 0.859427
101 0.818843
102 0.778726
103 0.740038
104 0.701838
105 0.664447
106 0.628134
107 0.592357
108 0.557390
109 0.523229
110 0.489869
111 0.457301
112 0.425314
113 0.394117
114 0.363698
115 0.333689
116 0.304461
117 0.275998
118 0.247972
119 0.220703
120 0.193887
121 0.167679
122 0.142204
123 0.117194
124 0.092657
125 0.068719
126 0.045260
127 0.022390
128 0.000000
